	 13
Candidatus_Accumulibacter_aalborgensis_3.fna  -0.0  0.21772364553602902  0.18061752494862846  0.2711857486764194  0.3118126027498014  0.20714391234198423  0.19051049718614002  0.24748100545403695  0.288035014395218  0.20714391234198423  0.23070431389890084  0.22384865642131332  0.288035014395218  
Candidatus_Accumulibacter_phosphatis_Bin19.fna  0.21772364553602902  -0.0  0.20714391234198423  0.23070431389890084  0.2121897412210057  0.08212946360721661  0.20714391234198423  0.20714391234198423  0.21772364553602902  0.23848625521498176  0.21772364553602902  0.20714391234198423  0.2581327755543834  
Candidatus_Accumulibacter_phosphatis_clade_IIA_str._UW-1.fna  0.18061752494862846  0.20714391234198423  -0.0  0.23070431389890084  0.19051049718614002  0.19822093269572566  0.20250791597213696  0.2121897412210057  0.20714391234198423  0.19051049718614002  0.21772364553602902  0.22384865642131332  0.35251257450049495  
Candidatus_Accumulibacter_phosphatis_HKU-1.fna  0.2711857486764194  0.23070431389890084  0.23070431389890084  -0.0  0.22384865642131332  0.24748100545403695  0.15267620057707978  0.21772364553602902  0.1167696645599171  0.16051886167408333  0.20714391234198423  0.2121897412210057  0.35251257450049495  
Candidatus_Accumulibacter_phosphatis_UBA2327.fna  0.3118126027498014  0.2121897412210057  0.19051049718614002  0.22384865642131332  -0.0  0.21772364553602902  0.20714391234198423  0.2121897412210057  0.22384865642131332  0.19051049718614002  0.11770670049303514  0.11866114530607555  0.288035014395218  
Candidatus_Accumulibacter_phosphatis_UBA5574.fna  0.20714391234198423  0.08212946360721661  0.19822093269572566  0.24748100545403695  0.21772364553602902  -0.0  0.2121897412210057  0.22384865642131332  0.19423474891639456  0.23070431389890084  0.24748100545403695  0.21772364553602902  0.2711857486764194  
Candidatus_Accumulibacter_phosphatis_UW-LDO-IC.fna  0.19051049718614002  0.20714391234198423  0.20250791597213696  0.15267620057707978  0.20714391234198423  0.2121897412210057  -0.0  0.23070431389890084  0.14913993530237746  0.1411932211879854  0.2121897412210057  0.24748100545403695  0.2711857486764194  
Candidatus_Accumulibacter_sp._66-26.fna  0.24748100545403695  0.20714391234198423  0.2121897412210057  0.21772364553602902  0.2121897412210057  0.22384865642131332  0.23070431389890084  -0.0  0.2121897412210057  0.2121897412210057  0.19423474891639456  0.18701638648493185  0.3118126027498014  
Candidatus_Accumulibacter_sp._BA-92.fna  0.288035014395218  0.21772364553602902  0.20714391234198423  0.1167696645599171  0.22384865642131332  0.19423474891639456  0.14913993530237746  0.2121897412210057  -0.0  0.12062477077319672  0.18372608224391984  0.21772364553602902  0.35251257450049495  
Candidatus_Accumulibacter_sp._BA-93.fna  0.20714391234198423  0.23848625521498176  0.19051049718614002  0.16051886167408333  0.19051049718614002  0.23070431389890084  0.1411932211879854  0.2121897412210057  0.12062477077319672  -0.0  0.2121897412210057  0.2121897412210057  0.3118126027498014  
Candidatus_Accumulibacter_sp._SCELSE-1.fna  0.23070431389890084  0.21772364553602902  0.21772364553602902  0.20714391234198423  0.11770670049303514  0.24748100545403695  0.2121897412210057  0.19423474891639456  0.18372608224391984  0.2121897412210057  -0.0  0.13427174480872633  0.35251257450049495  
Candidatus_Accumulibacter_sp._SK-12.fna  0.22384865642131332  0.20714391234198423  0.22384865642131332  0.2121897412210057  0.11866114530607555  0.21772364553602902  0.24748100545403695  0.18701638648493185  0.21772364553602902  0.2121897412210057  0.13427174480872633  -0.0  0.35251257450049495  
Xanthomonadales_bacterium_UBA2790.fna  0.288035014395218  0.2581327755543834  0.35251257450049495  0.35251257450049495  0.288035014395218  0.2711857486764194  0.2711857486764194  0.3118126027498014  0.35251257450049495  0.3118126027498014  0.35251257450049495  0.35251257450049495  -0.0  

